0.183	0.11	0.183	0.056	0	0	0	0	0	0	0	0	0	0	0	0	0	0	0	0	0	0	0	0	0	0	0	0	0	0	0	0	0	0	0	0	0	0	0	0	0	0	0	0	0	0	0	0
0.277	0.19	0.277	0.09	0	0	0	0	0	0	0	0	0	0	0	0	0	0	0	0	0	0	0	0	0	0	0	0	0	0	0	0	0	0	0	0	0	0	0	0	0	0	0	0	0	0	0	0
0.392	0.35	0.392	0.17	0	0	0	0	0	0	0	0	0	0	0	0	0	0	0	0	0	0	0	0	0	0	0	0	0	0	0	0	0	0	0	0	0	0	0	0	0	0	0	0	0	0	0	0
0.525	0.55	0.525	0.28	0	0	0	0	0	0	0	0	0	0	0	0	0	0	0	0	0	0	0	0	0	0	0	0	0	0	0	0	0	0	0	0	0	0	0	0	0	0	0	0	0	0	0	0
0.677	0.9	0.677	0.43	0	0	0	0	0	0	0	0	0	0	0	0	0	0	0	0	0	0	0	0	0	0	0	0	0	0	0	0	0	0	0	0	0	0	0	0	0	0	0	0	0	0	0	0
0.849	1.2	0.848	0.6	0	0	0	0	0	0	0	0	0	0	0	0	0	0	0	0	0	0	0	0	0	0	0	0	0	0	0	0	0	0	0	0	0	0	0	0	0	0	0	0	0	0	0	0
1.041	1.53	1.041	0.77	0	0	0	0	0	0	0	0	0	0	0	0	0	0	0	0	0	0	0	0	0	0	0	0	0	0	0	0	0	0	0	0	0	0	0	0	0	0	0	0	0	0	0	0
1.254	2	1.254	1	0	0	0	0	0	0	0	0	0	0	0	0	0	0	0	0	0	0	0	0	0	0	0	0	0	0	0	0	0	0	0	0	0	0	0	0	0	0	0	0	0	0	0	0
1.487	2.6	1.486	1.29	1.554	0.0155	1.554	0.0079	0	0	0	0	0	0	0	0	0	0	0	0	0	0	0	0	0	0	0	0	0	0	0	0	0	0	0	0	0	0	0	0	0	0	0	0	0	0	0	0
1.74	3.3	1.739	1.64	1.836	0.056	1.836	0.028	0	0	0	0	0	0	0	0	0	0	0	0	0	0	0	0	0	0	0	0	0	0	0	0	0	0	0	0	0	0	0	0	0	0	0	0	0	0	0	0
2.01	4.1	2.009	2.04	2.136	0.122	2.136	0.062	0	0	0	0	0	0	0	0	0	0	0	0	0	0	0	0	0	0	0	0	0	0	0	0	0	0	0	0	0	0	0	0	0	0	0	0	0	0	0	0
2.308	5	2.307	2.49	2.464	0.229	2.464	0.116	0	0	0	0	0	0	0	0	0	0	0	0	0	0	0	0	0	0	0	0	0	0	0	0	0	0	0	0	0	0	0	0	0	0	0	0	0	0	0	0
2.622	6.1	2.621	3	2.816	0.38	2.816	0.192	0	0	0	0	0	0	0	0	0	0	0	0	0	0	0	0	0	0	0	0	0	0	0	0	0	0	0	0	0	0	0	0	0	0	0	0	0	0	0	0
2.957	7.3	2.955	3.6	3.19	0.58	3.19	0.3	0.251	0.011	0.31	0.0038	0.31	0.0024	0	0	0	0	0	0	0	0	0	0	0	0	0	0	0	0	0	0	0	0	0	0	0	0	0	0	0	0	0	0	0	0	0	0
3.314	8.5	3.311	4.3	3.59	0.79	3.59	0.4	0.296	0.013	0.359	0.005	0.359	0.001	0	0	0	0	0	0	0	0	0	0	0	0	0	0	0	0	0	0	0	0	0	0	0	0	0	0	0	0	0	0	0	0	0	0
3.692	9.8	3.688	4.93	4.013	1.02	0	0	4.013	0.519	0	0	0	0	0	0	0.35	0.016	0.412	0.0062	0.412	0.0039	0	0	0	0	0	0	0	0	0	0	0	0	0	0	0	0	0	0	0	0	0	0	0	0	0	0
4.091	11.3	4.086	5.68	4.461	1.22	0	0	4.461	0.62	0	0	0.396	0.026	0.396	0.0028	0.4	0.02	0.468	0.0075	0.468	0.0048	0.402	0.0017	0	0	0.353	0.02	0.348	0.026	0	0	0	0	0	0	0	0	0	0	0	0	0	0	0	0	0	0
4.511	12.8	4.505	6.4	4.932	1.42	0	0	4.932	0.72	0	0	0.452	0.063	0.452	0.007	0.458	0.05	0.529	0.009	0.529	0.0056	0.456	0.0018	0	0	0.401	0.022	0.395	0.029	0	0	0	0	0	0	0	0	0	0	0	0	0	0	0	0	0	0
4.952	14.5	4.945	7.3	5.427	1.64	0	0	5.427	0.84	0	0	0.511	0.12	0.511	0.013	0.518	0.096	0.59	0.01	0.59	0.0067	0.513	0.0022	0	0	0.454	0.026	0.446	0.034	0	0	0	0	0	0	0	0	0	0	0	0	0	0	0	0	0	0
5.415	16.4	5.405	8.3	5.947	1.84	0	0	5.947	0.94	0	0	0.572	0.19	0.572	0.021	0.581	0.15	0.652	0.012	0.652	0.0079	0	0	0	0	0.51	0.025	0.5	0.033	0	0	0	0	0	0	0	0	0	0	0	0	0	0	0	0	0	0
5.899	18.3	5.888	9.3	6.49	2.14	0	0	6.49	1.09	0	0	0.637	0.26	0.637	0.029	0.648	0.2	0.72	0.014	0.72	0.009	0.64	0.0023	0	0	0.568	0.026	0.556	0.038	0	0	0	0	0	0	0	0	0	0	0	0	0	0	0	0	0	0
6.404	20.2	6.391	10.2	7.058	2.4	0	0	7.058	1.23	7.108	0.00127	0.704	0.33	0.704	0.037	0.717	0.25	0.792	0.016	0.792	0.01	0.708	0.0022	0	0	0.628	0.028	0.615	0.04	0	0	0	0	0	0	0	0	0	0	0	0	0	0	0	0	0	0
6.93	22.1	6.915	11.2	7.649	2.65	0	0	7.649	1.36	7.706	0.00188	0.776	0.41	0.776	0.045	0.791	0.31	0.866	0.018	0.866	0.012	0.779	0.0022	0	0	0.693	0.028	0.678	0.043	0	0	0	0	0	0	0	0	0	0	0	0	0	0	0	0	0	0
7.478	24	7.461	12.2	8.265	2.88	0	0	8.265	1.48	8.329	0.00264	0.851	0.5	0.851	0.056	0.868	0.34	0.94	0.02	0.94	0.013	0.855	0.0022	0	0	0.76	0.026	0.743	0.045	0	0	0	0	0	0	0	0	0	0	0	0	0	0	0	0	0	0
8.048	26	8.028	13.3	8.905	3.1	0	0	8.905	1.59	8.977	0.00365	0.929	0.6	0.929	0.066	0.949	0.39	1.022	0.021	1.022	0.014	0	0	0	0	0.831	0.028	0.811	0.048	0	0	0	0	0	0	0	0	0	0	0	0	0	0	0	0	0	0
8.639	28	8.616	14.3	9.572	3.39	0	0	9.572	1.74	9.651	0.00504	1.012	0.65	1.012	0.072	1.035	0.42	1.107	0.023	1.107	0.015	1.02	0.0021	0	0	0.907	0.029	0.884	0.047	0	0	0	0	0	0	0	0	0	0	0	0	0	0	0	0	0	0
9.252	29.8	9.225	15.2	10.264	3.7	10.366	0.0314	10.26	1.9	10.35	0.0063	1.098	0.7	1.098	0.077	1.125	0.46	1.195	0.024	1.191	0.016	1.114	0.0027	1.297	0.0012	0.984	0.03	0.957	0.048	0	0	0	0	0	0	0	0	0	0	0	0	0	0	0	0	0	0
9.886	31.3	9.855	16.1	10.982	3.98	11.101	0.097	10.975	2.05	11.074	0.0078	1.188	0.81	1.188	0.09	1.219	0.49	1.294	0.025	1.286	0.016	1.212	0.0033	1.412	0.0042	1.068	0.031	1.037	0.052	0	0	0	0	0	0	0	0	0	0	0	0	0	0	0	0	0	0
10.544	32.7	10.508	16.8	11.726	4.25	11.864	0.194	11.72	2.19	11.826	0.0095	1.282	0.87	1.282	0.096	1.317	0.52	1.386	0.027	1.38	0.018	1.315	0.0038	1.524	0.0047	1.155	0.031	1.12	0.053	0	0	0	0	0	0	0	0	0	0	0	0	0	0	0	0	0	0
11.222	34.1	11.182	17.6	12.496	4.54	12.652	0.323	12.49	2.34	12.601	0.0116	1.379	0.98	1.379	0.108	1.42	0.58	1.492	0.029	1.486	0.019	1.424	0.0045	1.648	0.0051	1.245	0.034	1.204	0.056	0	0	0	0	0	0	0	0	0	0	0	0	0	0	0	0	0	0
11.924	35.6	11.878	18.4	0	0	13.292	4.84	13.469	0.484	13.284	2.5	0	0	13.404	0.0139	0	0	1.481	1.09	1.48	0.121	1.526	0.64	0	0	1.601	0.029	1.593	0.02	1.523	0.0052	0	0	1.777	0.0013	1.777	0.0052	1.339	0.036	1.293	0.06	0	0	0	0	0	0
12.651	36.8	12.598	19	0	0	14.111	5.12	14.311	0.676	14.104	2.64	0	0	14.231	0.0162	0	0	1.581	1.2	1.58	0.13	1.632	0.69	0	0	1.707	0.03	1.699	0.02	1.647	0.006	0	0	1.906	0.0018	1.907	0.0054	1.435	0.037	1.383	0.063	0	0	0	0	0	0
13.395	38	13.336	19.7	0	0	14.961	5.39	15.185	0.85	14.952	2.78	0	0	15.089	0.0186	0	0	1.694	1.3	1.693	0.15	1.752	0.75	0	0	1.827	0.031	1.818	0.022	1.775	0.0069	0	0	2.05	0.0022	2.051	0.0058	1.542	0.039	1.482	0.067	0	0	0	0	0	0
14.165	39.1	14.098	20.3	0	0	15.836	5.63	16.085	1	15.825	2.91	0	0	15.971	0.0215	0	0	1.806	1.4	1.805	0.16	1.872	0.81	0	0	1.947	0.032	1.936	0.022	1.902	0.0079	0	0	2.196	0.0027	2.196	0.0061	1.649	0.04	1.582	0.069	0	0	0	0	0	0
14.958	40.1	14.883	20.9	0	0	16.738	5.89	17.013	1.13	16.726	3.04	0	0	16.88	0.0244	0	0	1.923	1.5	1.92	0.17	1.996	0.86	2.078	0.0044	2.072	0.035	2.06	0.025	2.035	0.0088	2.153	0.012	2.347	0.0031	2.347	0.0066	1.762	0.041	1.686	0.073	0	0	0	0	0	0
15.775	41	15.691	21.4	0	0	17.667	6.15	17.969	1.25	17.653	3.17	0	0	17.816	0.0275	0	0	2.042	1.66	2.04	0.19	2.124	0.9	2.219	0.0116	2.201	0.038	2.187	0.026	2.171	0.01	2.304	0.03	2.503	0.0036	2.503	0.0072	1.876	0.041	1.792	0.078	0	0	0	0	0	0
16.615	41.8	16.521	21.9	0	0	18.623	6.35	18.952	1.33	18.607	3.28	18.982	0.001	18.78	0.0305	0	0	2.166	1.8	2.163	0.2	2.257	0.93	2.367	0.056	2.335	0.049	2.319	0.034	2.312	0.011	2.462	0.041	2.664	0.005	2.664	0.0095	1.996	0.041	1.902	0.082	0	0	0	0	0	0
17.479	42.6	17.374	22.4	0	0	19.607	6.61	19.965	1.45	19.59	3.41	19.998	0.0015	19.771	0.0341	0	0	2.293	1.9	2.29	0.21	2.395	1	2.518	0.1	2.473	0.048	2.456	0.034	2.458	0.0119	2.623	0.055	2.831	0.0051	2.831	0.0095	2.12	0.043	2.016	0.085	0	0	0	0	0	0
18.367	43.3	18.251	22.8	0	0	20.619	6.8	21.005	1.54	20.599	3.51	21.042	0.0023	20.789	0.0377	0	0	2.424	2	2.42	0.23	2.537	1.07	2.675	0.15	2.617	0.05	2.598	0.035	2.609	0.0128	2.791	0.068	3.004	0.0055	3.004	0.01	2.249	0.044	2.133	0.089	0	0	0	0	0	0
19.279	44	19.15	23.2	0	0	21.657	6.99	22.074	1.64	21.634	3.61	22.115	0.0032	21.836	0.0418	0	0	2.558	2.1	2.554	0.24	2.683	1.14	2.836	0.2	2.763	0.052	2.741	0.035	2.763	0.0139	2.965	0.083	3.181	0.0059	3.181	0.011	2.382	0.046	2.253	0.092	0	0	0	0	0	0
20.216	44.6	20.074	23.5	0	0	22.724	7.18	23.172	1.72	22.699	3.71	23.217	0.0043	22.911	0.0446	0	0	2.697	2.3	2.692	0.25	2.834	1.2	3.001	0.24	2.916	0.053	2.891	0.035	2.923	0.0149	3.144	0.109	3.364	0.0062	3.364	0.011	2.519	0.046	2.377	0.095	0	0	0	0	0	0
21.177	45.1	21.02	23.9	0	0	23.819	7.35	24.299	1.79	23.791	3.81	24.349	0.006	24.013	0.0496	0	0	2.839	2.4	2.833	0.26	2.99	1.28	3.172	0.28	3.073	0.054	3.045	0.036	3.087	0.0157	3.329	0.137	3.553	0.0065	3.553	0.011	2.66	0.048	2.503	0.097	0	0	0	0	0	0
22.163	45.6	21.99	24.2	21.708	0.001	24.943	7.52	25.455	1.88	24.912	3.9	25.511	0.007	25.144	0.0547	0	0	2.984	2.5	2.978	0.28	3.151	1.39	3.348	0.32	3.234	0.059	3.203	0.038	3.256	0.0166	3.52	0.147	3.743	0.0073	3.75	0.012	2.806	0.051	2.634	0.101	0	0	0	0	0	0
23.174	46.1	22.984	24.5	22.693	0.00115	26.095	7.69	26.644	1.98	26.06	3.99	26.702	0.008	26.304	0.06	0	0	3.134	2.6	3.127	0.29	3.317	1.51	3.528	0.38	3.402	0.062	3.367	0.039	3.43	0.018	3.718	0.161	3.951	0.008	3.951	0.013	2.957	0.054	2.767	0.107	0	0	0	0	0	0
24.21	45.3	24.002	24.5	23.702	0.00135	27.276	7.85	27.863	2.09	27.238	4.07	27.924	0.01	27.493	0.065	27.939	0.017	3.287	2.8	3.279	0.31	3.487	1.63	3.714	0.43	3.573	0.065	3.535	0.041	3.608	0.019	3.922	0.18	4.16	0.0087	4.16	0.014	3.112	0.056	2.905	0.112	0	0	0	0	0	0
25.271	45.7	25.044	24.7	24.735	0.00154	28.486	7.99	29.111	2.19	28.444	4.15	29.176	0.012	28.711	0.07	29.199	0.049	3.444	2.9	3.435	0.32	3.663	1.75	3.905	0.46	3.75	0.113	3.708	0.071	0	0	3.792	0.0205	4.132	0.206	4.376	0.016	4.376	0.025	0	0	3.272	0.059	3.045	0.114	0	0
26.359	46	26.111	24.9	25.793	0.00179	29.726	8.09	30.393	2.28	29.679	4.2	30.46	0.013	29.959	0.071	30.489	0.092	3.605	3	3.595	0.34	3.843	1.84	4.101	0.52	3.933	0.114	3.886	0.07	0	0	3.98	0.0225	4.349	0.226	4.6	0.016	4.6	0.025	0	0	3.437	0.06	3.189	0.122	0	0
27.472	46.2	27.202	25	26.875	0.00203	30.995	8.21	31.704	2.37	30.944	4.26	31.774	0.015	31.236	0.075	31.812	0.147	3.769	3.2	3.759	0.36	4.029	1.96	4.302	0.58	4.121	0.114	4.07	0.069	0	0	4.173	0.0245	4.572	0.25	4.829	0.017	4.829	0.026	0	0	3.606	0.063	3.335	0.129	0	0
28.612	46.4	28.317	25.2	27.981	0.00227	32.295	8.34	33.047	2.47	32.239	4.32	33.12	0.017	32.544	0.081	33.166	0.212	3.938	3.4	3.926	0.38	4.221	2.07	4.508	0.64	4.314	0.116	4.258	0.07	0	0	4.371	0.026	4.802	0.28	5.065	0.018	5.065	0.027	0	0	3.78	0.064	3.485	0.136	0	0
29.782	46.6	29.461	25.3	29.112	0.00262	33.624	8.42	34.419	2.55	33.562	4.36	34.496	0.019	33.881	0.086	34.552	0.29	4.106	3.6	4.093	0.4	4.414	2.16	4.714	0.71	4.512	0.115	4.451	0.069	0	0	4.569	0.029	5.034	0.3	5.307	0.018	5.307	0.027	0	0	3.955	0.065	3.634	0.145	0	0
30.973	46.7	30.625	25.5	30.27	0.00296	34.987	8.53	35.818	2.64	34.92	4.42	35.907	0.021	35.252	0.091	35.972	0.35	4.286	3.8	4.272	0.43	4.62	2.32	4.934	0.77	4.717	0.116	4.649	0.069	0	0	4.781	0.031	5.281	0.33	5.542	0.019	5.553	0.028	0	0	4.142	0.068	3.795	0.155	0	0
32.194	46.7	31.817	25.6	31.452	0.00334	36.378	8.63	37.255	2.73	36.304	4.47	37.349	0.023	36.652	0.1	37.425	0.4	4.466	4.1	4.451	0.45	4.828	2.47	5.156	0.84	4.927	0.118	4.852	0.07	0	0	4.994	0.034	5.531	0.36	5.797	0.02	5.809	0.028	0	0	4.331	0.07	3.954	0.163	0	0
33.442	46.8	33.034	25.7	32.658	0.00373	37.801	8.7	38.726	2.81	37.72	4.51	38.826	0.025	38.085	0.105	38.91	0.45	4.651	4.3	4.634	0.48	5.042	2.6	5.384	0.91	5.143	0.12	5.062	0.071	5.483	0.0091	5.212	0.036	5.792	0.39	6.06	0.02	6.075	0.029	5.891	0.0042	4.529	0.073	4.121	0.176	0	0
34.72	47	34.279	25.9	33.894	0.00422	39.258	8.83	40.228	2.84	39.17	4.57	40.333	0.027	39.551	0.11	40.423	0.42	4.84	4.6	4.822	0.51	5.263	2.8	5.613	0.97	5.363	0.12	5.276	0.071	0	0	5.434	0.039	6.054	0.43	6.326	0.021	6.342	0.03	0	0	4.73	0.075	4.289	0.189	0	0
36.026	47.1	35.55	26.1	35.156	0.00472	40.748	8.9	41.764	2.88	40.653	4.61	41.877	0.028	41.05	0.116	41.968	0.42	5.033	4.9	5.013	0.54	5.489	3	5.851	1.03	5.593	0.12	5.497	0.071	0	0	5.66	0.042	6.327	0.46	6.599	0.021	6.617	0.03	0	0	4.929	0.078	4.453	0.2	0	0
37.361	47.2	36.847	26.2	36.443	0.00531	42.272	8.97	43.335	2.93	42.166	4.65	43.451	0.03	42.58	0.121	43.548	0.42	5.23	5.2	5.208	0.57	5.722	3.12	6.09	1.1	5.829	0.121	5.723	0.072	0	0	5.893	0.0454	6.604	0.5	6.883	0.022	6.901	0.031	0	0	5.146	0.081	4.633	0.213	0	0
38.725	47.3	38.171	26.3	37.756	0.0058	43.827	9.08	44.942	2.98	43.713	4.69	45.064	0.032	44.145	0.13	45.162	0.42	5.432	5.4	5.408	0.6	5.961	3.31	6.339	1.15	6.071	0.119	5.956	0.071	0	0	6.128	0.049	6.892	0.54	7.186	0.022	7.186	0.031	0	0	5.363	0.083	4.809	0.225	0	0
40.118	47.5	39.522	26.4	39.097	0.00678	45.414	9.15	46.578	3.02	45.293	4.73	46.705	0.034	45.741	0.136	46.813	0.42	5.636	5.7	5.61	0.63	6.206	3.5	6.587	1.21	6.317	0.122	6.196	0.073	0	0	6.37	0.053	7.183	0.58	7.471	0.023	7.489	0.032	0	0	5.589	0.086	4.993	0.237	0	0
41.542	47.6	40.902	26.6	40.467	0.00727	47.038	9.21	48.249	3.05	46.905	4.76	48.386	0.036	47.373	0.141	48.497	0.42	5.846	6	5.816	0.67	6.457	3.7	6.844	1.27	6.571	0.125	6.438	0.075	0	0	6.617	0.058	7.484	0.62	7.768	0.023	7.795	0.033	0	0	5.817	0.089	5.177	0.252	0	0
42.996	47.5	42.309	26.6	41.864	0.00824	48.695	9.3	49.959	3.11	48.551	4.81	50.099	0.038	49.038	0.146	50.219	0.45	6.058	6.3	6.026	0.7	6.713	3.9	7.102	1.32	6.832	0.126	6.687	0.077	7.243	0.0108	6.867	0.063	7.79	0.67	8.087	0.024	8.105	0.034	7.93	0.0055	6.049	0.092	5.362	0.266	0	0
44.482	47.5	43.744	26.7	43.288	0.0092	50.384	9.44	51.698	3.15	50.228	4.88	51.849	0.04	50.738	0.156	51.97	0.42	6.273	6.7	6.239	0.74	6.977	4.1	7.367	1.38	7.097	0.127	6.94	0.078	0	0	7.116	0.068	8.105	0.71	8.398	0.025	8.423	0.035	0	0	6.284	0.095	5.546	0.28	0	0
45.998	47.5	45.208	26.8	44.743	0.0102	52.113	9.58	53.476	3.2	51.947	4.95	53.634	0.042	52.475	0.166	53.762	0.42	6.495	7.1	6.458	0.78	7.248	4.4	7.636	1.45	7.37	0.131	7.204	0.081	0	0	7.374	0.074	8.426	0.76	8.714	0.025	8.753	0.037	0	0	6.534	0.099	5.743	0.3	0	0
47.547	47.5	46.7	26.9	46.224	0.0111	53.877	9.68	55.293	3.24	53.695	5	55.457	0.045	54.246	0.176	55.597	0.42	6.72	7.4	6.68	0.82	7.526	4.7	7.91	1.49	7.653	0.132	7.471	0.083	0	0	7.635	0.079	8.757	0.82	9.051	0.026	9.088	0.038	0	0	6.789	0.103	5.943	0.32	0	0
49.128	47.5	48.221	27	47.734	0.0126	55.674	9.77	57.142	3.28	55.48	5.06	57.313	0.047	56.054	0.186	57.456	0.42	6.949	7.7	6.905	0.86	7.811	4.9	8.186	1.55	7.94	0.133	7.746	0.085	0	0	7.909	0.087	9.088	0.88	9.385	0.026	9.431	0.039	0	0	7.058	0.106	6.151	0.34	0	0
50.742	47.4	49.773	27.2	49.274	0.0135	57.505	9.86	59.028	3.32	57.3	5.11	59.21	0.049	57.898	0.195	59.357	0.42	7.18	8.1	7.133	0.9	8.102	5.2	8.468	1.59	8.231	0.137	8.026	0.088	0	0	8.176	0.092	9.437	0.93	9.73	0.028	9.779	0.04	0	0	7.31	0.11	6.341	0.36	0	0
52.389	47.4	51.354	27.2	50.846	0.0145	59.383	9.99	60.962	3.38	59.159	5.18	61.141	0.051	59.78	0.204	61.309	0.41	7.416	8.3	7.367	0.93	8.402	5.4	8.752	1.62	8.537	0.139	8.313	0.091	0	0	8.456	0.098	9.78	0.99	10.09	0.029	10.143	0.041	0	0	7.58	0.114	6.545	0.37	0	0
54.07	47.3	52.965	27.3	52.443	0.0159	61.29	10.1	62.929	3.42	61.05	5.21	63.114	0.05	61.7	0.213	63.286	0.44	7.656	8.6	7.605	0.97	8.709	5.7	9.044	1.75	8.847	0.144	8.607	0.096	9.24	0.0103	8.738	0.103	10.144	1.04	10.46	0.03	10.511	0.044	10.344	0.0063	7.857	0.119	6.753	0.39	0	0
55.79	47.1	54.611	27.3	54.08	0.0173	63.243	10.2	64.942	3.48	62.985	5.28	65.132	0.06	63.662	0.222	65.316	0.46	7.899	8.9	7.844	1	9.023	6	9.342	1.9	9.163	0.147	8.905	0.1	9.554	0.0268	9.023	0.108	10.516	1.1	10.834	0.031	10.89	0.045	10.733	0.0167	8.139	0.124	6.96	0.41	0	0
57.535	47.2	56.28	27.3	55.735	0.0192	65.222	10.3	66.982	3.53	64.948	5.32	67.181	0.06	65.652	0.232	67.376	0.49	8.146	9.3	8.088	1.04	9.343	6.2	9.646	2.05	9.488	0.151	9.213	0.104	9.875	0.0372	9.316	0.114	10.895	1.16	11.217	0.033	11.277	0.047	11.13	0.03	8.428	0.13	7.173	0.43	0	0
59.318	47	57.981	27.4	57.425	0.0206	67.244	10.3	69.067	3.58	66.95	5.35	69.273	0.06	67.685	0.241	69.484	0.51	8.398	9.7	8.335	1.08	9.672	6.5	9.955	2.19	9.819	0.159	9.525	0.112	10.201	0.0483	9.612	0.121	11.285	1.22	11.608	0.035	11.675	0.05	11.538	0.047	8.724	0.136	7.387	0.46	0	0
61.141	46.9	59.718	27.4	59.15	0.0224	69.309	10.4	71.195	3.63	68.995	5.42	71.409	0.07	69.76	0.25	71.636	0.54	8.652	10.1	8.586	1.13	10.01	6.7	10.268	2.31	10.159	0.152	9.845	0.109	10.532	0.091	9.91	0.132	11.685	1.29	12.009	0.034	12.082	0.049	11.955	0.081	9.027	0.142	7.604	0.49	0	0
63	46.7	61.486	27.4	60.903	0.0242	71.414	10.6	73.363	3.71	71.079	5.48	73.59	0.07	71.875	0.259	73.819	0.56	8.911	10.4	8.84	1.17	10.354	7	10.59	2.44	10.511	0.131	10.176	0.096	10.871	0.138	10.217	0.143	12.096	1.35	12.421	0.03	12.5	0.043	12.385	0.112	9.337	0.148	7.822	0.52	0	0
64.896	46.7	63.287	27.4	62.693	0.0261	73.56	10.6	75.575	3.75	73.202	5.52	75.808	0.07	74.033	0.268	76.054	0.57	9.175	10.9	9.099	1.22	10.708	7.2	10.912	2.57	10.868	0.118	10.51	0.088	11.211	0.179	10.525	0.152	12.513	1.41	12.841	0.028	12.924	0.039	12.82	0.145	9.65	0.155	8.042	0.55	0	0
66.831	46.5	65.122	27.4	64.514	0.0298	75.749	10.7	77.831	3.81	75.368	5.56	78.073	0.08	76.233	0.276	78.337	0.6	9.443	11.2	9.362	1.26	11.071	7.5	11.242	2.69	11.235	0.109	10.854	0.083	11.562	0.222	10.84	0.16	12.942	1.47	13.273	0.027	13.361	0.037	13.27	0.18	9.975	0.163	8.266	0.58	0	0
68.806	46.4	66.991	27.5	66.372	0.0326	77.982	10.7	80.13	3.84	77.577	5.57	80.382	0.08	78.476	0.285	80.66	0.62	9.713	11.6	9.628	1.3	11.443	7.8	11.576	2.82	11.61	0.099	11.205	0.078	11.916	0.268	11.16	0.17	13.382	1.56	13.709	0.025	13.807	0.034	13.731	0.209	10.309	0.172	8.494	0.61	0	0
70.818	46.3	68.894	27.5	68.263	0.0358	80.255	10.7	82.473	3.87	79.824	5.59	82.733	0.08	80.762	0.294	83.028	0.64	0	0	9.989	12	9.899	1.35	11.824	8	11.915	2.94	11.992	0.097	11.561	0.077	12.275	0.315	11.481	0.18	13.83	1.63	14.158	0.025	14.262	0.034	14.199	0.248	10.647	0.18	8.722	0.65
72.873	46.3	70.832	27.6	70.184	0.0395	82.574	10.7	84.865	3.9	82.115	5.59	85.134	0.09	83.093	0.303	85.444	0.67	85.53	0.0059	10.268	12.4	10.172	1.39	12.213	8.3	12.261	3.06	12.39	0.094	11.931	0.077	12.643	0.362	11.812	0.19	14.291	1.71	14.625	0.026	14.738	0.033	14.683	0.28	10.994	0.188	8.953	0.68
74.969	46.2	72.805	27.7	72.144	0.0428	84.938	10.7	87.3	3.91	84.45	5.58	87.58	0.09	85.47	0.312	87.911	0.7	88.003	0.0165	10.551	12.8	10.45	1.44	12.614	8.5	12.611	3.18	12.794	0.095	12.307	0.08	13.015	0.411	12.142	0.2	14.765	1.78	15.097	0.027	15.216	0.034	15.178	0.31	11.349	0.196	9.184	0.72
77.107	46.2	74.815	27.7	74.138	0.0474	87.349	10.7	89.784	3.93	86.83	5.59	90.074	0.09	87.892	0.321	90.421	0.73	90.522	0.031	10.839	13.2	10.731	1.48	13.024	8.8	12.967	3.28	13.211	0.096	12.691	0.083	13.393	0.458	12.48	0.21	15.248	1.87	15.582	0.029	15.709	0.035	15.685	0.34	11.712	0.207	9.42	0.75
79.29	46.1	76.863	27.7	76.172	0.196	89.807	10.7	92.317	3.95	89.256	5.57	92.618	0.09	90.363	0.33	92.983	0.76	93.095	0.049	11.13	13.6	11.016	1.52	13.443	9.1	13.328	3.4	13.635	0.107	13.084	0.095	13.778	0.506	12.823	0.22	15.742	1.95	16.077	0.033	16.213	0.04	16.203	0.38	12.085	0.218	9.658	0.79
81.517	46.1	78.948	27.9	78.242	0.0571	92.315	10.7	94.9	3.97	91.73	5.58	95.211	0.1	92.883	0.339	95.595	0.78	95.717	0.07	11.426	13.9	11.306	1.56	13.875	9.4	13.694	3.52	14.073	0.101	13.488	0.092	14.168	0.556	13.169	0.23	16.249	2.05	16.585	0.033	16.731	0.038	16.735	0.41	12.466	0.228	9.897	0.82
83.787	46	81.069	27.9	80.349	0.0616	94.868	10.6	97.53	3.98	94.247	5.56	97.853	0.1	95.449	0.349	98.257	0.81	98.389	0.094	11.726	14.2	11.598	1.59	14.316	9.7	14.066	3.65	14.519	0.106	13.898	0.099	14.565	0.605	13.52	0.239	16.77	2.15	17.104	0.036	17.258	0.04	17.28	0.44	12.855	0.238	10.137	0.86
86.105	45.8	83.231	27.9	82.496	0.0675	97.474	10.7	100.214	4.01	96.815	5.58	100.548	0.1	98.069	0.358	100.972	0.84	101.118	0.114	12.031	14.6	11.896	1.63	14.77	9.9	14.443	3.74	14.978	0.106	14.319	0.102	14.967	0.683	13.877	0.251	17.302	2.25	17.635	0.038	17.8	0.041	17.839	0.47	13.255	0.247	10.381	0.89
88.471	45.7	85.431	28	84.683	0.0732	100.13	10.7	102.948	4.04	99.432	5.59	103.295	0.11	100.738	0.362	103.74	0.86	103.899	0.132	12.339	14.9	12.196	1.67	15.236	10.2	14.825	3.86	15.447	0.11	14.749	0.109	15.375	0.71	14.236	0.263	17.848	2.34	18.177	0.041	18.353	0.044	18.412	0.5	13.662	0.255	10.622	0.93
90.886	45.5	87.675	28.1	86.91	0.0791	102.841	10.7	105.738	4.07	102.101	5.61	106.098	0.11	103.462	0.371	106.563	0.89	106.738	0.146	12.651	15.3	12.5	1.71	15.711	10.4	15.212	3.97	15.931	0.111	15.191	0.113	15.79	0.76	14.601	0.273	18.405	2.42	18.734	0.044	18.922	0.045	18.997	0.52	14.082	0.266	10.871	0.98
93.35	45.4	89.957	28.1	89.178	0.085	105.604	10.7	108.582	4.1	104.819	5.61	108.955	0.11	106.239	0.38	109.442	0.9	109.63	0.16	12.968	15.6	12.809	1.75	16.202	10.7	15.605	4.09	16.426	0.116	15.641	0.122	16.209	0.81	14.97	0.284	18.98	2.5	19.304	0.048	19.505	0.048	19.599	0.54	14.511	0.28	11.118	1.02
95.863	45.3	92.282	28.1	91.491	0.091	108.422	10.7	111.486	4.13	107.595	5.64	111.87	0.12	109.072	0.389	112.38	0.93	112.575	0.156	13.291	16.2	13.127	1.82	16.708	10.5	16.008	4.27	16.931	0.113	16.104	0.121	16.639	0.87	15.35	0.3	19.571	2.5	19.888	0.048	20.101	0.047	20.217	0.53	14.953	0.28	11.372	1.08
98.434	45.1	94.654	28.2	93.844	0.099	111.298	10.7	114.445	4.15	110.421	5.65	114.844	0.12	111.964	0.397	115.377	0.95	115.58	0.159	13.618	16.8	13.442	1.89	17.222	10.3	16.41	4.45	17.454	0.122	16.577	0.134	17.069	0.94	15.727	0.318	20.169	2.5	20.487	0.055	20.715	0.052	20.844	0.53	15.4	0.27	11.62	1.14
101.059	45.1	97.069	28.3	96.242	0.105	114.234	10.7	117.463	4.17	113.303	5.65	117.876	0.12	114.912	0.405	118.429	0.97	118.646	0.162	13.946	17.3	13.761	1.94	17.751	10.3	16.817	4.59	17.992	0.124	17.061	0.14	17.505	1.17	16.109	0.333	20.784	2.5	21.099	0.059	21.342	0.054	21.491	0.53	15.861	0.28	11.871	1.2
103.734	45.1	99.525	28.4	98.687	0.114	117.228	10.7	120.54	4.18	116.244	5.44	120.969	0.13	117.918	0.413	121.543	0.99	121.768	0.157	14.282	17.9	14.087	2	18.296	10.3	17.235	4.77	18.541	0.135	17.557	0.16	17.95	1.06	16.498	0.349	21.42	2.5	21.724	0.067	21.981	0.059	22.153	0.53	16.333	0.28	12.124	1.25
106.472	44.9	102.03	28.5	101.174	0.123	120.284	10.7	123.68	4.19	119.243	5.64	124.127	0.13	120.989	0.421	124.723	1	124.955	0.158	14.62	18.2	14.414	2.04	18.856	10.4	17.655	4.9	19.11	0.137	18.069	0.16	18.399	1.11	16.89	0.361	22.072	2.6	22.37	0.073	22.643	0.062	22.836	0.54	16.819	0.28	12.377	1.31
109.271	44.8	104.59	28.5	103.715	0.132	123.403	10.6	126.889	4.19	122.304	5.63	127.352	0.13	124.124	0.429	127.97	1.02	128.21	0.169	14.961	18.5	14.746	2.08	19.427	10.6	18.081	5	19.688	0.142	18.589	0.17	18.853	1.16	17.286	0.373	22.735	2.7	23.028	0.079	23.319	0.065	23.527	0.55	17.314	0.29	12.633	1.36
112.121	44.6	107.185	28.7	106.3	0.145	126.58	10.7	130.152	4.22	125.418	5.67	130.63	0.14	127.316	0.437	131.274	1.04	131.524	0.17	15.308	18.8	15.082	2.1	20.018	10.7	18.509	5.1	20.28	0.142	19.118	0.18	19.312	1.19	17.687	0.385	23.416	2.7	23.698	0.082	24.007	0.065	24.241	0.57	17.826	0.3	12.89	1.4
115.032	44.4	109.831	28.7	108.929	0.158	129.823	10.7	133.483	4.26	128.594	5.7	133.979	0.14	130.573	0.449	134.646	1.05	134.908	0.162	15.66	19	15.423	2.12	20.624	10.8	18.946	5.2	20.894	0.145	19.665	0.19	19.777	1.23	18.094	0.396	24.117	2.8	24.39	0.087	24.718	0.068	24.971	0.59	18.347	0.3	13.146	1.45
118.012	44.3	112.531	28.8	111.614	0.171	133.137	10.7	136.887	4.27	131.838	5.71	137.399	0.14	133.904	0.454	138.09	1.06	138.363	0.163	16.016	19.2	15.767	2.15	21.248	11	19.387	5.3	21.523	0.15	20.224	0.21	20.249	1.26	18.501	0.407	24.836	2.8	25.099	0.093	25.446	0.071	25.723	0.6	18.884	0.31	13.403	1.49
121.058	44.2	115.285	28.9	114.352	0.184	136.521	10.8	140.362	4.31	135.15	5.74	140.892	0.15	137.304	0.457	141.608	1.08	141.889	0.163	16.377	19.4	16.116	2.17	21.889	11.2	19.834	5.3	22.169	0.15	20.798	0.21	20.727	1.29	18.916	0.419	25.574	2.9	25.825	0.096	26.195	0.071	26.492	0.63	19.433	0.31	13.66	1.53
125.17	44.1	119.088	29	118.139	0.201	140.974	10.7	144.906	4.3	139.525	5.73	145.456	0.15	141.774	0.465	146.195	1.09	146.49	0.164	16.741	19.6	16.467	2.19	22.549	11.4	20.286	5.4	22.835	0.15	21.386	0.23	21.21	1.32	19.332	0.43	26.333	3	26.571	0.102	26.963	0.073	27.284	0.65	19.998	0.32	13.916	1.57
127.357	44	120.953	29	119.987	0.218	143.506	10.7	147.531	4.32	141.977	5.75	148.1	0.15	144.323	0.472	148.865	1.1	149.171	0.165	17.11	19.7	16.823	2.2	23.227	11.5	20.744	5.5	23.519	0.15	21.99	0.24	21.7	1.35	19.754	0.44	27.11	3.1	27.336	0.109	27.752	0.075	28.094	0.68	20.577	0.33	14.173	1.61
130.611	43.8	123.867	29.1	122.887	0.235	147.11	10.8	151.227	4.35	145.496	5.78	151.818	0.16	147.944	0.479	152.607	1.12	152.926	0.174	17.483	19.8	17.183	2.22	23.927	11.7	21.207	5.5	24.223	0.15	22.609	0.24	22.195	1.38	20.179	0.45	27.911	3.1	28.12	0.109	28.56	0.074	28.929	0.7	21.173	0.34	14.429	1.64
133.381	43.6	126.302	29.2	125.407	0.252	150.279	10.8	154.494	4.36	148.55	5.79	155.097	0.16	151.113	0.486	155.904	1.13	156.236	0.183	17.893	19.8	17.571	2.22	24.65	12	21.716	5.6	24.872	0.15	23.143	0.26	22.727	1.41	20.67	0.46	28.753	3.2	28.846	0.116	29.327	0.076	29.796	0.73	21.825	0.35	14.746	1.68
