0.396	0.038	0.396	0.0042	0.402	0.0026	0.348	0.039	0	0	0	0
0.452	0.094	0.452	0.01	0.456	0.0027	0.395	0.043	0	0	0	0
0.511	0.19	0.511	0.02	0.513	0.0033	0.446	0.051	0	0	0	0
0.572	0.29	0.572	0.032	0.574	0.0012	0.5	0.051	0	0	0	0
0.637	0.39	0.637	0.044	0.64	0.0035	0.556	0.057	0	0	0	0
0.704	0.51	0.704	0.056	0.708	0.0034	0.615	0.062	0	0	0	0
0.776	0.63	0.776	0.07	0.779	0.0034	0.678	0.067	0	0	0	0
0.851	0.77	0.851	0.086	0.855	0.0034	0.743	0.069	0	0	0	0
0.929	0.92	0.929	0.1	0.931	0.0013	0.811	0.075	0	0	0	0
1.012	1.01	1.012	0.112	1.02	0.0032	0.884	0.074	0	0	0	0
1.098	1.1	1.098	0.122	1.114	0.0042	0.957	0.076	0	0	0	0
1.188	1.3	1.188	0.14	1.212	0.0052	1.037	0.082	0	0	0	0
1.282	1.4	1.282	0.15	1.315	0.006	1.12	0.083	0	0	0	0
1.379	1.5	1.379	0.17	1.424	0.0071	1.204	0.088	0	0	0	0
1.481	1.7	1.48	0.19	0	0	1.523	0.0082	1.293	0.094	0	0
1.581	1.9	1.58	0.21	0	0	1.647	0.0094	1.383	0.099	0	0
1.694	2.1	1.693	0.23	0	0	1.775	0.0109	1.482	0.105	0	0
1.806	2.2	1.805	0.25	0	0	1.902	0.0125	1.582	0.11	0	0
1.923	2.4	1.92	0.27	2.078	0.007	2.035	0.014	1.686	0.115	0	0
2.042	2.7	2.04	0.29	2.219	0.018	2.171	0.0159	1.792	0.124	0	0
2.166	2.9	2.163	0.32	2.367	0.088	2.312	0.017	1.902	0.13	0	0
2.293	3.1	2.29	0.34	2.518	0.159	2.458	0.019	2.016	0.135	0	0
2.424	3.2	2.42	0.36	2.675	0.24	2.609	0.02	2.133	0.141	0	0
2.558	3.4	2.554	0.38	2.836	0.32	2.763	0.022	2.253	0.147	0	0
2.697	3.6	2.692	0.4	3.001	0.38	2.923	0.024	2.377	0.15	0	0
2.839	3.8	2.833	0.43	3.172	0.45	3.087	0.025	2.503	0.16	0	0
2.984	4	2.978	0.45	3.348	0.52	3.256	0.027	2.634	0.17	0	0
3.134	4.3	3.127	0.48	3.528	0.61	3.43	0.03	2.767	0.17	0	0
3.287	4.6	3.279	0.51	3.714	0.71	0	0	3.608	0.032	2.905	0.18
3.444	4.9	3.435	0.54	3.905	0.78	0	0	3.792	0.035	3.045	0.194
3.605	5.2	3.595	0.58	4.101	0.88	0	0	3.98	0.038	3.189	0.21
3.769	5.5	3.759	0.61	4.302	1	0	0	4.173	0.042	3.335	0.22
3.938	5.9	3.926	0.65	4.508	1.1	0	0	4.371	0.045	3.485	0.23
4.106	6.3	4.093	0.7	4.714	1.22	0	0	4.569	0.05	3.634	0.25
4.286	6.7	4.272	0.74	4.934	1.34	0	0	4.781	0.054	3.795	0.27
4.466	7.1	4.451	0.79	5.156	1.47	0	0	4.994	0.059	3.954	0.28
4.651	7.6	4.634	0.84	5.384	1.59	5.483	0.0159	5.212	0.064	4.121	0.31
4.84	8.1	4.822	0.9	5.613	1.7	0	0	5.434	0.069	4.289	0.33
5.033	8.6	5.013	0.95	5.851	1.82	0	0	5.66	0.074	4.453	0.35
5.23	9.1	5.208	1.01	6.09	1.94	0	0	5.893	0.08	4.633	0.38
5.432	9.6	5.408	1.07	6.339	2.04	0	0	6.128	0.087	4.809	0.4
5.636	10.1	5.61	1.12	6.587	2.14	0	0	6.37	0.094	4.993	0.42
5.846	10.7	5.816	1.19	6.844	2.25	0	0	6.617	0.103	5.177	0.45
6.058	11.3	6.026	1.25	7.102	2.35	7.243	0.0192	6.867	0.112	5.362	0.47
6.273	12	6.239	1.33	7.367	2.47	0	0	7.116	0.122	5.546	0.51
6.495	12.7	6.458	1.41	7.636	2.61	0	0	7.374	0.133	5.743	0.54
6.72	13.3	6.68	1.48	7.91	2.69	0	0	7.635	0.144	5.943	0.57
6.949	14.1	6.905	1.56	8.186	2.81	0	0	7.909	0.157	6.151	0.61
7.18	14.7	7.133	1.64	8.468	2.9	0	0	8.176	0.168	6.341	0.65
7.416	15.3	7.367	1.71	8.752	2.96	0	0	8.456	0.179	6.545	0.68
7.656	15.9	7.605	1.78	9.044	3.22	9.24	0.019	8.738	0.189	6.753	0.72
7.899	16.5	7.844	1.85	9.342	3.52	9.554	0.0495	9.023	0.2	6.96	0.76
8.146	17.3	8.088	1.93	9.646	3.8	9.875	0.069	9.316	0.212	7.173	0.81
8.398	18	8.335	2.02	9.955	4.09	10.201	0.09	9.612	0.225	7.387	0.86
8.652	18.8	8.586	2.11	10.268	4.33	10.532	0.171	9.91	0.246	7.604	0.91
8.911	19.6	8.84	2.19	10.59	4.59	10.871	0.259	10.217	0.268	7.822	0.97
9.175	20.4	9.099	2.28	10.912	4.83	11.211	0.337	10.525	0.286	8.042	1.03
9.443	21.1	9.362	2.37	11.242	5.07	11.562	0.418	10.84	0.302	8.266	1.09
9.713	22	9.628	2.46	11.576	5.3	11.916	0.506	11.16	0.321	8.494	1.15
9.989	22.8	9.899	2.55	11.915	5.58	12.275	0.597	11.481	0.342	8.722	1.22
10.268	23.7	10.172	2.65	12.261	5.82	12.643	0.688	11.812	0.362	8.953	1.29
10.551	24.4	10.45	2.74	12.611	6.1	13.015	0.79	12.142	0.381	9.184	1.36
10.839	25.2	10.731	2.83	12.967	6.3	13.393	0.88	12.48	0.401	9.42	1.44
11.13	26	11.016	2.91	13.328	6.5	13.778	0.97	12.823	0.422	9.658	1.51
11.426	26.8	11.306	3	13.694	6.8	14.168	1.07	13.169	0.442	9.897	1.58
11.726	27.5	11.598	3.08	14.066	7	14.565	1.17	13.52	0.462	10.137	1.65
12.031	28.2	11.896	3.16	14.443	7.3	14.967	1.32	13.877	0.486	10.381	1.73
12.339	29	12.196	3.25	14.825	7.5	15.375	1.37	14.236	0.511	10.622	1.82
12.651	29.8	12.5	3.34	15.212	7.8	15.79	1.48	14.601	0.533	10.871	1.91
12.968	30.6	12.809	3.42	15.605	8	16.209	1.58	14.97	0.556	11.118	2
13.291	31.3	13.127	3.51	16.008	8.2	16.639	1.69	15.35	0.58	11.372	2.09
13.618	32.1	13.442	3.59	16.41	8.5	17.069	1.79	15.727	0.61	11.62	2.18
13.946	32.6	13.761	3.66	16.817	8.7	17.505	2.2	16.109	0.63	11.871	2.25
14.282	33.5	14.087	3.76	17.235	9	17.95	1.99	16.498	0.65	12.124	2.35
14.62	34.2	14.414	3.83	17.655	9.2	18.399	2.08	16.89	0.68	12.377	2.46
14.961	35	14.746	3.92	18.081	9.4	18.853	2.19	17.286	0.7	12.633	2.57
15.308	35.6	15.082	3.99	18.509	9.6	19.312	2.27	17.687	0.73	12.89	2.67
15.66	36.2	15.423	4.05	18.946	9.8	19.777	2.34	18.094	0.76	13.146	2.76
16.016	36.7	15.767	4.11	19.387	10	20.249	2.41	18.501	0.78	13.403	2.9
16.377	37.2	16.116	4.17	19.834	10.2	20.727	2.48	18.916	0.8	13.66	2.9
16.741	37.7	16.467	4.22	20.286	10.4	21.21	2.55	19.332	0.83	13.916	3
17.11	38.1	16.823	4.27	20.744	10.6	21.7	2.62	19.754	0.85	14.173	3.1
17.483	38.5	17.183	4.31	21.207	10.8	22.195	2.7	20.179	0.87	14.429	3.2
17.893	38.8	17.571	4.35	21.716	11	22.727	2.77	20.67	0.9	14.746	3.3